0.14757886442025
0.003977123013948749
0.0008349820882624539
0.021994546888029744
0.09732221099617933
0.0021431634612801985
0.001107458338529025
0.00028829737632538705
0.014430940007755282
0.0104883148167054
0.0012861291604264545
0.16499968654374955
0.16599779067667883
0.007528772171886957
0.000680002980783541
0.0004026061809522495
0.0003267749955980002
0.005283152795570808
0.004807296325922605
0.009706016365411565
0.18971935793538292
0.0005107450804075608
0.0017330900002494015
0.015752171361627557
0.005904605369814415
0.0006893898217732638
0.013029231501959363
0.0013535978105263609
0.0017682673933625149
0.13450943482864408
0.003990168464229179
0.0664517665747313
0.006699558828187737
0.003382623557709304
0.0006750551971820557
0.0023333013249935983
0.15067701777650164
0.013646734774697671
0.0016334525774825835
0.0036036552767844624
0.0011229639055565107
0.00034689846683159367
0.004244093447775148
0.38678826609679834
0.004151810318554331
0.0027896810462221277
0.0017060154309037937
0.003251713386773759
0.00033880750176100676
0.008592251342366294
0.0030809101270556894
0.0008197935559649503
0.2670280748579293
0.00030130847895561694
0.00295659260299059
0.0020975170053753947
0.0013847877305911774
0.0002975441505979893
0.43658542282727797
0.5572683350861437
0.015918854431732736
0.0018668247574145204
0.0007910688492736977
0.0002345159162212574
0.3924290117054515
0.008672327567769754
0.004557182946916053
0.0006022389180317873
0.0033793074882314594
0.0012497588940868138
0.1840971307070046
0.012708743774394812
0.002598712639132084
0.03730772489340555
0.003346182913745001
0.001970157495299498
0.0008657714185319283
0.19187693343089018
0.02886904964653179
0.211844170308941
0.0009050714315293342
0.0005704337691646225
0.001501125482230521
0.0004490866114063568
0.09705202308354995
0.0002838842009692439
0.004275147046464596
0.0009377042238109174
0.002972787213721063
0.00024239484795596087
0.0005780472422484862
0.021580573244411847
0.057112131295890635
0.0004445184166374729
0.0015655115110317236
0.05309558709348971
0.40230915351868074
0.002073861167948171
0.02791743732440966
0.5941595209417911
1.0
1.0
1.0
1.0
0.34403882541910186
1.0
0.9999999999996714
0.9999999995991964
1.0
1.0
1.0
0.9999999899898063
0.9974337210958854
1.0
1.0
1.0
1.0
0.5634401069015355
1.0
0.9999999992216331
1.0
0.877143199578878
0.9957480333583819
0.9999975912733761
0.9911650780890728
0.9947692510187549
0.9460647307660908
0.9999999784169264
1.0
0.9999999999986346
0.9994878083100751
1.0
0.9998492104404174
1.0
0.999994179573678
0.999969271451608
0.9740061159702001
0.9999930589818627
0.9984284263287129
1.0
0.9995877275195497
1.0
1.0
1.0
0.9999064522234323
0.9593688613263828
0.9999999999999851
0.9999972880842076
0.9999999999999969
0.8548402407593949
1.0
0.9999999903605129
0.8880115049021354
0.9999999999917344
0.9999986232804292
1.0
1.0
0.999999588527292
1.0
0.9999864326921362
0.9998346856467546
0.9714068340137203
0.9999090879515281
0.9999999980250909
0.9999999999999996
0.9999953611763313
1.0
0.9999990327970711
0.9999999995134918
0.9942127368655783
0.9998896889191645
0.9912734875361362
0.9862085627927789
0.999999999087734
0.98830074970626
0.9997316860269467
0.9999999999999998
0.9955375103362233
0.9931742478202231
1.0
0.9998830076479251
0.9987350347379915
1.0
0.9999294877129923
0.9999980117753331
0.9772183868562515
0.9686463171873162
0.9999999999999996
1.0
0.9999999999951015
1.0
0.9977412974864044
0.9999999999999061
1.0
0.9702002581483122
0.9999999999999203
1.0
0.9989633194375125
0.9111731056365386
1.0